00000000000000000000000000000000
00000000000000000000000000000000
00000000001111111100000000000000
00000000111111111111000000000000
00000001111111111111100000000000
00000011111111111111110000000000
00000111111100000111110000000000
00001111110000000011110000000000
00000111100000000011110000000000
00000000000000001111110000000000
00000000000011111111110000000000
00000000001111111111100000000000
00000000011111111111000000000000
00000001111111111100000000000000
00000011111111000000000000000000
00000111111100000000000000000000
00001111110000000000000000000000
00011111100000000000000000000000
00111111000000000000000000000000
01111111111111111110000000000000
01111111111111111111100000000000
11111111111111111111111000000000
11111111111111111111111000000000
01110000000000000011111000000000
00000000000000000000000000000000
00000000000000000000000000000000
00000000000000000000000000000000
00000000000000000000000000000000
00000000000000000000000000000000
00000000000000000000000000000000
00000000000000000000000000000000
00000000000000000000000000000000
